-2.909090909
-2.520313636
-2.518604545
-2.514681818
-2.520978788
-2.522187879
-2.525383333
-2.525812121
-2.50665
-2.521375758
-2.519301515
-2.530322727
-2.517486364
-2.512378788
-2.524512121
-2.508324242
-2.509480303
-2.517786364
-2.518480303
-2.512466667
-2.521793939
-2.518642424
-2.51535303
-2.518742424
-2.522325758
-2.528407576
-2.523334848
-2.509086364
-2.515071212
-2.520722727
-2.525118182
-2.512163636
-2.510910606
-2.514037879
-2.50665
-2.518386364
-2.529931818
-2.517121212
-2.529081818
-2.530284848
-2.519557576
-2.5244
-2.500027273
-2.52219697
-2.522387879
-2.511260606
-2.50535
-2.529213636
-2.512969697
-2.530878788
-2.526939394
-2.517274242
-2.521616667
-2.522290909
-2.518495455
-2.521216667
-2.520640909
-2.512931818
-2.512781818
-2.521975758
-2.514237879
-2.520925758
-2.522375758
-2.520813636
-2.510495455
-2.527001515
-2.507359091
-2.517530303
-2.521740909
-2.512381818
-2.509336364
-2.528198485
-2.523062121
-2.523040909
-2.513637879
-2.518454545
-2.534842424
-2.529422727
-2.523568182
-2.527757576
-2.537769697
-2.524562121
-2.515056061
-2.528919697
-2.525221212
-2.514465152
-2.513378788
-2.512837879
-2.522787879
-2.527201515
-2.516562121
-2.529325758
-2.522887879
-2.517036364
-2.509451515
-2.509848485
-2.510407576
-2.520569697
-2.502560606
-2.525280303
-2.511866667
-2.516618182
-2.516065152
-2.513225758
-2.528657576
-2.511260606
-2.519910606
-2.51480303
-2.530072727
-2.529778788
-2.520722727
-2.504840909
-2.529334848
-2.514140909
-2.513037879
-2.520063636
-2.519916667
-2.52445303
-2.519666667
-2.508736364
-2.525680303
-2.522190909
-2.504934848
-2.520001515
-2.525683333
-2.513534848
-2.517889394
-2.518386364
-2.518336364
-2.524012121
-2.510051515
-2.518342424
-2.513687879
-2.529572727
-2.520763636
-2.511869697
-2.514971212
-2.510189394
-2.518354545
-2.521925758
-2.522093939
-2.514834848
-2.506140909
-2.530381818
-2.516974242
-2.528951515
-2.513737879
-2.520022727
-2.517786364
-2.510036364
-2.529831818
-2.525012121
-2.517380303
-2.509183333
-2.513581818
-2.509557576
-2.511628788
-2.509804545
-2.509542424
-2.509901515
-2.513984848
-2.517533333
-2.502148485
-2.516430303
-2.514406061
-2.511004545
-2.521716667
-2.511254545
-2.517033333
-2.515718182
-2.507727273
-2.534280303
-2.518598485
-2.519742424
-2.521940909
-2.526430303
-2.51525
-2.506037879
-2.51475
-2.518286364
-2.504875758
-2.530984848
-2.513590909
-2.526939394
-2.508683333
-2.507927273
-2.526233333
-2.516415152
-2.524743939
-2.513934848
-2.510236364
-2.520254545
-2.5226
-2.507071212
-2.509945455
-2.515718182
-2.51415303
-2.512372727
-2.509136364
-2.515759091
-2.526077273
-2.528404545
-2.512119697
-2.517883333
-2.513343939
-2.518098485
-2.523409091
-2.515615152
-2.51489697
-2.511907576
-2.517259091
-2.523
-2.519913636
-2.509592424
-2.521731818
-2.529210606
-2.523593939
-2.523290909
-2.52335
-2.51520303
-2.515009091
-2.509386364
-2.526601515
-2.517783333
-2.506921212
-2.514743939
-2.512613636
-2.517221212
-2.508721212
-2.512022727
-2.511054545
-2.521540909
-2.518651515
-2.520810606
-2.514534848
-2.518901515
-2.510948485
-2.516571212
-2.510742424
-2.509554545
-2.511528788
-2.524974242
-2.514959091
-2.525021212
-2.511831818
-2.511622727
-2.519151515
-2.516065152
-2.525477273
-2.513075758
-2.519154545
-2.534774242
-2.526236364
-2.513690909
-2.530116667
-2.520407576
-2.520098485
-2.517486364
-2.505584848
-2.516871212
-2.526418182
-2.509039394
-2.514693939
-2.513937879
-2.509892424
-2.508933333
-2.508895455
-2.516974242
-2.513334848
-2.520719697
-2.518504545
-2.525230303
-2.513284848
-2.518392424
-2.529172727
-2.509739394
-2.522443939
-2.524906061
-2.509180303
-2.520619697
-2.525924242
-2.496240909
-2.524715152
-2.522525758
-2.52404697
-2.524915152
-2.516933333
-2.518498485
-2.516315152
-2.508289394
-2.511760606
-2.503875758
-2.511022727
-2.527501515
-2.525136364
-2.527401515
-2.520619697
-2.519392424
-2.524462121
-2.513231818
-2.522743939
-2.523143939
-2.533568182
-2.506637879
-2.531581818
-2.512160606
-2.518910606
-2.525524242
-2.520957576
-2.521284848
-2.529013636
-2.504069697
-2.520501515
-2.525224242
-2.516227273
-2.505237879
-2.52255
-2.512431818
-2.524815152
-2.517642424
-2.526130303
-2.501895455
-2.535730303
-2.517533333
-2.512222727
-2.514943939
-2.520413636
-2.513190909
-2.520772727
-2.528860606
-2.520119697
-2.51535303
-2.516324242
-2.524865152
-2.503963636
-2.519510606
-2.521875758
-2.521069697
-2.513890909
-2.527392424
-2.515312121
-2.50504697
-2.510186364
-2.518033333
-2.519619697
-2.525730303
-2.529569697
-2.521990909
-2.511972727
-2.517577273
-2.513687879
-2.514984848
-2.52130303
-2.509448485
-2.520201515
-2.510504545
-2.522693939
-2.508748485
-2.513487879
-2.515918182
-2.526180303
-2.526886364
-2.519257576
-2.508236364
-2.51515303
-2.525789394
-2.525721212
-2.512875758
-2.522037879
-2.510745455
-2.520784848
-2.516724242
-2.535342424
-2.525183333
-2.521113636
-2.519604545
-2.520022727
-2.52310303
-2.527651515
-2.511354545
-2.531940909
-2.521487879
-2.505640909
-2.517533333
-2.506193939
-2.513081818
-2.51394697
-2.51525
-2.50555303
-2.507668182
-2.521034848
-2.529419697
-2.521940909
-2.525171212
-2.531087879
-2.525627273
-2.521225758
-2.526180303
-2.519051515
-2.519354545
-2.523921212
-2.521925758
-2.513119697
-2.520881818
-2.511866667
-2.518286364
-2.521178788
-2.530993939
-2.516621212
-2.512678788
-2.509436364
-2.522340909
-2.505590909
-2.518336364
-2.512460606
-2.524009091
-2.523568182
-2.517998485
-2.515512121
-2.517065152
-2.518486364
-2.512569697
-2.515962121
-2.509183333
-2.509633333
-2.520351515
-2.516618182
-2.510498485
-2.519666667
-2.516318182
-2.518392424
-2.524859091
-2.520654545
-2.509342424
-2.511110606
-2.522187879
-2.518295455
-2.516715152
-2.518436364
-2.521825758
-2.517321212
-2.512004545
-2.512125758
-2.52355
-2.516462121
-2.522640909
-2.517998485
-2.514756061
-2.510866667
-2.509539394
-2.527860606
-2.521013636
-2.521225758
-2.522837879
-2.517692424
-2.515362121
-2.520507576
-2.513125758
-2.517721212
-2.524065152
-2.517933333
-2.513475758
-2.514737879
-2.518527273
-2.506459091
-2.518839394
-2.522340909
-2.518842424
-2.503484848
-2.507006061
-2.505993939
-2.521722727
-2.511825758
-2.509754545
-2.504878788
-2.523962121
-2.521331818
-2.524812121
-2.535039394
-2.526742424
-2.520216667
-2.522740909
-2.535139394
-2.524912121
-2.530531818
-2.526030303
-2.503719697
-2.524727273
-2.507277273
-2.507709091
-2.528910606
-2.520128788
-2.51439697
-2.506956061
-2.522831818
-2.534271212
-2.511419697
-2.514637879
-2.506806061
-2.5225
-2.503675758
-2.522028788
-2.512472727
-2.518136364
-2.532265152
-2.518601515
-2.527601515
-2.513087879
-2.522987879
-2.519198485
-2.512122727
-2.529316667
-2.517524242
-2.519254545
-2.525365152
-2.520878788
-2.521387879
-2.525574242
-2.526089394
-2.527760606
-2.522134848
-2.502260606
-2.52389697
-2.521878788
-2.51424697
-2.520213636
-2.510910606
-2.520310606
-2.52299697
-2.517883333
-2.526295455
-2.5242
-2.515656061
-2.520001515
-2.520681818
-2.519754545
-2.521937879
-2.514140909
-2.50675303
-2.513731818
-2.510607576
-2.520775758
-2.51560303
-2.520725758
-2.518804545
-2.504484848
-2.514393939
-2.522706061
-2.527692424
-2.517033333
-2.525721212
-2.510795455
-2.517083333
-2.512678788
-2.517586364
-2.517880303
-2.513834848
-2.526992424
-2.519257576
-2.521266667
-2.525236364
-2.512063636
-2.512834848
-2.518745455
-2.529113636
-2.518589394
-2.505940909
-2.519363636
-2.518945455
-2.52279697
-2.517342424
-2.520307576
-2.521578788
-2.521722727
-2.516468182
-2.515006061
-2.52275303
-2.515662121
-2.528722727
-2.508992424
-2.519060606
-2.524874242
-2.512116667
-2.52254697
-2.510307576
-2.515456061
-2.525583333
-2.526277273
-2.519557576
-2.523559091
-2.50574697
-2.518592424
-2.515512121
-2.510348485
-2.505943939
-2.52285
-2.508874242
-2.530428788
-2.519960606
-2.527201515
-2.522040909
-2.525212121
-2.511628788
-2.512169697
-2.510407576
-2.508186364
-2.507621212
-2.518960606
-2.507612121
-2.513781818
-2.511660606
-2.509648485
-2.517892424
-2.512313636
-2.509030303
-2.50615303
-2.512884848
-2.525215152
-2.538819697
-2.5247
-2.525365152
-2.530543939
-2.512531818
-2.521928788
-2.526177273
-2.507209091
-2.519351515
-2.519060606
-2.514806061
-2.519645455
-2.517977273
-2.516033333
-2.522378788
-2.531909091
-2.514912121
-2.510207576
-2.512578788
-2.518254545
-2.513228788
-2.521178788
-2.521387879
-2.513690909
-2.515159091
-2.514487879
-2.521434848
-2.517224242
-2.516621212
-2.520972727
-2.534074242
-2.51580303
-2.53225303
-2.514237879
-2.518604545
-2.522522727
-2.504110606
-2.522334848
-2.529113636
-2.514640909
-2.521372727
-2.525480303
-2.519416667
-2.510513636
-2.524493939
-2.516668182
-2.520631818
-2.537313636
-2.511966667
-2.53074697
-2.524168182
-2.505193939
-2.523090909
-2.5153
-2.516933333
-2.504340909
-2.520669697
-2.519895455
-2.52264697
-2.517445455
-2.519960606
-2.523159091
-2.519460606
-2.516668182
-2.516462121
-2.52385303
-2.520719697
-2.510001515
-2.517739394
-2.503116667
-2.533959091
-2.516268182
-2.529057576
-2.527092424
-2.518145455
-2.511910606
-2.517086364
-2.510504545
-2.510292424
-2.526830303
-2.509645455
-2.510995455
-2.521431818
-2.525924242
-2.52369697
-2.513343939
-2.519857576
-2.527616667
-2.513022727
-2.520063636
-2.521984848
-2.520419697
-2.52390303
-2.5145
-2.514659091
-2.509427273
-2.509542424
-2.521237879
-2.510907576
-2.507824242
-2.512419697
-2.518292424
-2.517801515
-2.521831818
-2.526330303
-2.524165152
-2.522128788
-2.526171212
-2.521619697
-2.520528788
-2.529272727
-2.508383333
-2.530178788
-2.518948485
-2.511357576
-2.501951515
-2.516174242
-2.519313636
-2.517777273
-2.520372727
-2.53195
-2.534477273
-2.501551515
-2.508827273
-2.509539394
-2.523293939
-2.519657576
-2.515262121
-2.512925758
-2.520428788
-2.53165303
-2.521019697
-2.511404545
-2.521222727
-2.514043939
-2.526424242
-2.525930303
-2.509498485
-2.501133333
-2.511098485
-2.521287879
-2.526754545
-2.520678788
-2.521287879
-2.523193939
-2.520375758
-2.51570303
-2.517327273
-2.524709091
-2.522184848
-2.52295303
-2.529625758
-2.515162121
-2.51529697
-2.519757576
-2.491071212
-2.514906061
-2.513378788
-2.514187879
-2.518451515
-2.515783333
-2.53149697
-2.517630303
-2.513581818
-2.515312121
-2.516674242
-2.54055303
-2.520313636
-2.505240909
-2.50494697
-2.513484848
-2.511454545
-2.516318182
-2.523093939
-2.513493939
-2.526792424
-2.516309091
-2.523487879
-2.51515303
-2.510598485
-2.527039394
-2.520469697
-2.513487879
-2.529681818
-2.521372727
-2.521881818
-2.507762121
-2.517486364
-2.516733333
-2.505493939
-2.518754545
-2.531031818
-2.515715152
-2.517327273
-2.512516667
-2.527086364
-2.507065152
-2.512581818
-2.522931818
-2.515759091
-2.522578788
-2.516112121
-2.521225758
-2.517892424
-2.52344697
-2.51524697
-2.524877273
-2.522081818
-2.520213636
-2.527713636
-2.516162121
-2.507783333
-2.521525758
-2.520316667
-2.527383333
-2.515556061
-2.50555
-2.5152
-2.516930303
-2.507706061
-2.515821212
-2.512634848
-2.519189394
-2.509139394
-2.511775758
-2.5231
-2.508889394
-2.511969697
-2.508783333
-2.516412121
-2.508062121
-2.532459091
-2.526936364
-2.519881818
-2.511419697
-2.520784848
-2.52365
-2.526027273
-2.514543939
-2.522593939
-2.527739394
-2.51630303
-2.520154545
-2.511463636
-2.518739394
-2.512116667
-2.522731818
-2.518392424
-2.511369697
-2.511395455
-2.522340909
-2.524562121
-2.526680303
-2.516871212
-2.53184697
-2.510354545
-2.526851515
-2.518289394
-2.523093939
-2.525262121
-2.513634848
-2.512369697
-2.528657576
-2.51289697
-2.510351515
-2.521472727
-2.521016667
-2.522940909
-2.525218182
-2.51485303
-2.503716667
-2.520360606
-2.524968182
-2.525583333
-2.524771212
-2.508439394
-2.519866667
-2.509636364
-2.514718182
-2.51415303
-2.522043939
-2.518245455
-2.522190909
-2.5221
-2.518648485
-2.519145455
-2.523959091
-2.519613636
-2.51415
-2.513784848
-2.508898485
-2.518795455
-2.517242424
-2.525315152
-2.516027273
-2.525986364
-2.519104545
-2.50625303
-2.522634848
-2.519892424
-2.505187879
-2.529722727
-2.517807576
-2.518992424
-2.509051515
-2.524712121
-2.5231
-2.53155303
-2.52344697
-2.512113636
-2.517042424
-2.529004545
-2.519698485
-2.510907576
-2.527201515
-2.510289394
-2.532015152
-2.512884848
-2.526592424
-2.518698485
-2.514759091
-2.535839394
-2.520366667
-2.514262121
-2.502857576
-2.520969697
-2.503960606
-2.511860606
-2.520560606
-2.515368182
-2.531287879
-2.519339394
-2.517074242
-2.520672727
-2.518133333
-2.514037879
-2.506356061
-2.509701515
-2.518992424
-2.505334848
-2.519548485
-2.515812121
-2.516818182
-2.521319697
-2.521543939
-2.527404545
-2.51395303
-2.513981818
-2.52354697
-2.525824242
-2.521328788
-2.514531818
-2.509489394
-2.519672727
-2.511919697
-2.510742424
-2.527295455
-2.526433333
-2.525927273
-2.529322727
-2.513834848
-2.527910606
-2.524118182
-2.515559091
-2.527439394
-2.52385303
-2.50590303
-2.532609091
-2.527004545
-2.517589394
-2.516809091
-2.504537879
-2.526083333
-2.516368182
-2.516821212
-2.519804545
-2.530025758
-2.524927273
-2.520722727
-2.514537879
-2.52195
-2.524059091
-2.513772727
-2.521872727
-2.511104545
-2.516774242
-2.513325758
-2.519569697
-2.515518182
-2.523893939
-2.515474242
-2.51519697
-2.519604545
-2.516368182
-2.513234848
-2.513243939
-2.533730303
-2.506168182
-2.513790909
-2.529625758
-2.52355303
-2.528760606
-2.534927273
-2.52239697
-2.525121212
-2.522584848
-2.517430303
-2.511813636
-2.518639394
-2.513084848
-2.514987879
-2.512369697
-2.517380303
-2.521463636
-2.509445455
-2.525427273
-2.51515303
-2.517289394
-2.526789394
-2.506459091
-2.513893939
-2.527345455
-2.519651515
-2.519348485
-2.510239394
-2.519660606
-2.518833333
-2.515968182
-2.526383333
-2.51459697
-2.50584697
-2.520204545
-2.505534848
-2.516418182
-2.518689394
-2.511881818
-2.524659091
-2.503566667
-2.512931818
-2.515512121
-2.515874242
-2.516118182
-2.516883333
-2.515718182
-2.509804545
-2.519610606
-2.525727273
-2.518642424
-2.521981818
-2.519051515
-2.514143939
-2.512663636
-2.512422727
-2.525915152
-2.510542424
-2.514856061
-2.521378788
-2.501095455
-2.522078788
-2.515412121
-2.529322727
-2.514356061
-2.524337879
-2.51544697
-2.517668182
-2.509024242
-2.515356061
-2.5243
-2.513437879
-2.524259091
-2.520469697
-2.517433333
-2.5137
-2.513325758
-2.510498485
-2.519298485
-2.516477273
-2.520001515
-2.51560303
-2.508789394
-2.519413636
-2.511469697
-2.525056061
-2.518407576
-2.524721212
-2.517971212
-2.513140909
-2.515665152
-2.515915152
-2.521916667
-2.52509697
-2.529881818
-2.516418182
-2.504516667
-2.52295303
-2.509836364
-2.507015152
-2.512516667
-2.50495
-2.518433333
-2.519057576
-2.526024242
-2.525771212
-2.508315152
-2.509795455
-2.503381818
-2.518963636
-2.516374242
-2.52340303
-2.530581818
-2.508327273
-2.503825758
-2.509201515
-2.513043939
-2.532190909
-2.517924242
-2.54024697
-2.530834848
-2.511216667
-2.510898485
-2.517021212
-2.529728788
-2.517421212
-2.520407576
-2.516371212
-2.520622727
-2.512228788
-2.513487879
-2.519545455
-2.529981818
-2.522834848
-2.514087879
-2.527886364
-2.519748485
-2.513431818
-2.518901515
-2.511307576
-2.521175758
-2.521131818
-2.520207576
-2.51374697
-2.519263636
-2.523862121
-2.518898485
-2.520925758
-2.516012121
-2.520007576
-2.527348485
-2.509754545
-2.514906061
-2.522584848
-2.526742424
-2.515962121
-2.524356061
-2.52430303
-2.527392424
-2.522022727
-2.51475
-2.521069697
-2.5231
-2.5237
-2.522775758
-2.516015152
-2.510354545
-2.521378788
-2.529428788
-2.512669697
-2.521325758
-2.520107576
-2.523087879
-2.527630303
-2.516986364
-2.525883333
-2.519716667
-2.519601515
-2.517645455
-2.516871212
-2.513572727
-2.523081818
-2.514093939
-2.520984848
-2.520819697
-2.508065152
-2.521675758
-2.520213636
-2.512675758
-2.515559091
-2.517315152
-2.516865152
-2.501539394
-2.51430303
-2.515206061
-2.519160606
-2.516427273
-2.508109091
-2.52445
-2.516833333
-2.512437879
-2.524209091
-2.514134848
-2.518960606
-2.520272727
-2.51479697
-2.521825758
-2.518345455
-2.504378788
-2.526989394
-2.51580303
-2.519307576
-2.526995455
-2.517521212
-2.513328788
-2.508736364
-2.512784848
-2.508471212
-2.510198485
-2.52355303
-2.51410303
-2.516912121
-2.515512121
-2.529969697
-2.522890909
-2.513990909
-2.521913636
-2.529766667
-2.500989394
-2.506043939
-2.517477273
-2.5321
-2.51544697
-2.52355
-2.516062121
-2.524206061
-2.499162121
-2.518895455
-2.506565152
-2.516689394
-2.521772727
-2.520319697
-2.51480303
-2.523906061
-2.518095455
-2.502698485
-2.516415152
-2.522434848
-2.526577273
-2.528857576
-2.523965152
-2.517039394
-2.524371212
-2.525827273
-2.514243939
-2.52310303
-2.506968182
-2.522134848
-2.507815152
-2.524559091
-2.522243939
-2.525221212
-2.514031818
-2.517771212
-2.533115152
-2.513893939
-2.528610606
-2.516118182
-2.508480303
-2.511963636
-2.52355303
-2.516168182
-2.519857576
-2.523359091
-2.517780303
-2.524921212
-2.531178788
-2.507118182
-2.511666667
-2.522884848
-2.522431818
-2.517627273
-2.520216667
-2.516977273
-2.518836364
-2.495069697
-2.517777273
-2.525471212
-2.513372727
-2.517027273
-2.524609091
-2.516265152
-2.507821212
-2.504022727
-2.513484848
-2.511410606
-2.504466667
-2.514237879
-2.512881818
-2.524077273
-2.524859091
-2.525483333
-2.527186364
-2.519251515
-2.530831818
-2.512772727
-2.521078788
-2.519566667
-2.518545455
-2.524877273
-2.522590909
-2.509845455
-2.513434848
-2.510898485
-2.507868182
-2.515765152
-2.520490909
-2.512416667
-2.526530303
-2.517889394
-2.515724242
-2.508133333
-2.516171212
-2.518948485
-2.52330303
-2.525568182
-2.525727273
-2.524362121
-2.519454545
-2.526012121
-2.524409091
-2.511966667
-2.510748485
-2.513856061
-2.532259091
-2.515009091
-2.530543939
-2.506143939
-2.521475758
-2.519613636
-2.508833333
-2.523959091
-2.511616667
-2.512978788
-2.518889394
-2.534486364
-2.521322727
-2.525624242
-2.527295455
-2.515056061
-2.53095303
-2.511104545
-2.527569697
-2.523662121
-2.519969697
-2.516980303
-2.516271212
-2.527913636
-2.519021212
-2.515406061
-2.512204545
-2.524106061
-2.515684848
-2.513990909
-2.528554545
-2.519054545
-2.517883333
-2.50459697
-2.529963636
-2.517695455
-2.511222727
-2.512231818
-2.528504545
-2.512975758
-2.518895455
-2.510198485
-2.512440909
-2.517345455
-2.523493939
-2.513678788
-2.520960606
-2.516895455
-2.516542424
-2.522178788
-2.513231818
-2.511816667
-2.516839394
-2.509583333
-2.511392424
-2.525271212
-2.517636364
-2.516671212
-2.515956061
-2.530113636
-2.521172727
-2.507109091
-2.518333333
-2.532368182
-2.522634848
-2.517230303
-2.512019697
-2.510051515
-2.514912121
-2.520484848
-2.508983333
-2.535227273
-2.518901515
-2.519451515
-2.517827273
-2.520095455
-2.513734848
-2.523906061
-2.532393939
-2.520619697
-2.527592424
-2.515715152
-2.515859091
-2.521440909
-2.525421212
-2.525174242
-2.515006061
-2.511019697
-2.529169697
-2.52329697
-2.526898485
-2.524962121
-2.506865152
-2.509924242
-2.523593939
-2.511516667
-2.51630303
-2.508318182
-2.519910606
-2.530031818
-2.527154545
-2.513028788
-2.520519697
-2.514762121
-2.516624242
-2.527036364
-2.525009091
-2.516518182
-2.517183333
-2.511110606
-2.514328788
-2.521581818
-2.524056061
-2.527451515
-2.510166667
-2.516921212
-2.53219697
-2.525112121
-2.513331818
-2.525262121
-2.525165152
-2.511507576
-2.518842424
-2.511698485
-2.523740909
-2.512828788
-2.520772727
-2.521890909
-2.52320303
-2.527101515
-2.520454545
-2.511519697
-2.521525758
-2.519654545
-2.505540909
-2.521284848
-2.526068182
-2.518607576
-2.528454545
-2.509280303
-2.510616667
-2.515556061
-2.516324242
-2.518666667
-2.512475758
-2.522240909
-2.520013636
-2.526692424
-2.521272727
-2.515593939
-2.522381818
-2.521622727
-2.508171212
-2.516386364
-2.520101515
-2.521016667
-2.513681818
-2.538872727
-2.528154545
-2.515168182
-2.52265
-2.517024242
-2.519501515
-2.524071212
-2.511666667
-2.51419697
-2.518310606
-2.509639394
-2.507512121
-2.513893939
-2.510410606
-2.516971212
-2.507171212
-2.509092424
-2.518345455
-2.527963636
-2.522184848
-2.511607576
-2.525668182
-2.509651515
-2.525109091
-2.51400303
-2.50710303
-2.507577273
-2.513790909
-2.51485303
-2.513390909
-2.523256061
-2.523093939
-2.508333333
-2.518251515
-2.522166667
-2.516462121
-2.512019697
-2.516727273
-2.519198485
-2.511663636
-2.50530303
-2.512422727
-2.520313636
-2.522387879
-2.521428788
-2.521478788
-2.52269697
-2.514787879
-2.521375758
-2.520110606
-2.524618182
-2.516668182
-2.521828788
-2.522390909
-2.512475758
-2.53155
-2.513937879
-2.511872727
-2.506056061
-2.524412121
-2.508171212
-2.520113636
-2.523193939
-2.52280303
-2.510245455
-2.520966667
-2.511660606
-2.505040909
-2.520563636
-2.518695455
-2.51415
-2.52239697
-2.520157576
-2.520307576
-2.512631818
-2.511051515
-2.521728788
-2.521534848
-2.518136364
-2.525845455
-2.513328788
-2.520210606
-2.517383333
-2.513437879
-2.515006061
-2.519198485
-2.516168182
-2.514806061
-2.526183333
-2.526286364
-2.520625758
-2.517280303
-2.527395455
-2.516983333
-2.527033333
-2.522381818
-2.528466667
-2.516477273
-2.511663636
-2.506406061
-2.512116667
-2.523234848
-2.510083333
-2.518186364
-2.520975758
-2.530275758
-2.524356061
-2.522790909
-2.525321212
-2.522290909
-2.518636364
-2.518704545
-2.520813636
-2.513337879
-2.517827273
-2.515759091
-2.526212121
-2.518089394
-2.527248485
-2.5229
-2.522743939
-2.512187879
-2.524771212
-2.516683333
-2.525124242
-2.523912121
-2.509286364
-2.526601515
-2.522337879
-2.512722727
-2.525271212
-2.526436364
-2.524621212
-2.527148485
-2.503669697
-2.523087879
-2.511566667
-2.49704697
-2.517536364
-2.51605303
-2.515306061
-2.52385303
-2.508974242
-2.504913636
-2.512075758
-2.510901515
-2.520148485
-2.524909091
-2.511360606
-2.513787879
-2.521016667
-2.522187879
-2.518645455
-2.517754545
-2.520322727
-2.509492424
-2.517430303
-2.51624697
-2.517324242
-2.528707576
-2.515212121
-2.523343939
-2.516471212
-2.520519697
-2.523362121
-2.527804545
-2.52155
-2.512134848
-2.521916667
-2.513175758
-2.516462121
-2.507306061
-2.514478788
-2.520719697
-2.51454697
-2.521331818
-2.516018182
-2.520569697
-2.518145455
-2.514643939
-2.529410606
-2.511769697
-2.511357576
-2.502689394
-2.523631818
-2.531443939
-2.510348485
-2.518136364
-2.519354545
-2.519354545
-2.532515152
-2.500877273
-2.515962121
-2.515256061
-2.512081818
-2.510663636
-2.51505303
-2.521625758
-2.520760606
-2.517821212
-2.512307576
-2.514059091
-2.511060606
-2.526030303
-2.53285303
-2.517121212
-2.522206061
-2.511757576
-2.526983333
-2.51530303
-2.518745455
-2.529722727
-2.516330303
-2.528251515
-2.517333333
-2.515112121
-2.513234848
-2.513937879
-2.527345455
-2.503963636
-2.527763636
-2.519104545
-2.511004545
-2.506162121
-2.516780303
-2.511610606
-2.527898485
-2.525612121
-2.521734848
-2.519757576
-2.52214697
-2.520060606
-2.51595303
-2.517536364
-2.51259697
-2.535583333
-2.505443939
-2.517948485
-2.529934848
-2.511769697
-2.517239394
-2.513222727
-2.538222727
-2.513434848
-2.52215
-2.518995455
-2.520163636
-2.526739394
-2.509680303
-2.529875758
-2.510954545
-2.527601515
-2.520051515
-2.52420303
-2.510901515
-2.530025758
-2.527857576
-2.520163636
-2.503475758
-2.515006061
-2.515256061
-2.524709091
-2.52405303
-2.507627273
-2.511813636
-2.527701515
-2.509374242
-2.525915152
-2.519395455
-2.510904545
-2.521487879
-2.523490909
-2.525315152
-2.52330303
-2.509036364
-2.508433333
-2.508739394
-2.501842424
-2.517624242
-2.522334848
-2.511666667
-2.513684848
-2.531190909
-2.51485
-2.5157
-2.522584848
-2.514790909
-2.515706061
-2.522025758
-2.533068182
-2.530519697
-2.51515
-2.517939394
-2.511913636
-2.52470303
-2.501136364
-2.518139394
-2.507874242
-2.518486364
-2.526933333
-2.521875758
-2.519960606
-2.513409091
-2.53230303
-2.525565152
-2.518389394
-2.517224242
-2.523756061
-2.51625303
-2.520972727
-2.513016667
-2.517427273
-2.525062121
-2.519757576
-2.535748485
-2.517115152
-2.516124242
-2.53145303
-2.521019697
-2.510345455
-2.521216667
-2.516471212
-2.525409091
-2.517733333
-2.512993939
-2.518842424
-2.524777273
-2.526095455
-2.5316
-2.513343939
-2.518439394
-2.521490909
-2.512216667
-2.518492424
-2.512219697
-2.520854545
-2.523
-2.5237
-2.51424697
-2.516068182
-2.521825758
-2.508971212
-2.525565152
-2.510083333
-2.519645455
-2.516974242
-2.511766667
-2.531909091
-2.519510606
-2.510651515
-2.528419697
-2.529869697
-2.515312121
-2.524162121
-2.512716667
-2.508586364
-2.521625758
-2.520622727
-2.517395455
-2.512822727
-2.53230303
-2.513028788
-2.525071212
-2.522284848
-2.514743939
-2.528707576
-2.50784697
-2.513693939
-2.509598485
-2.513287879
-2.520207576
-2.520501515
-2.520166667
-2.521078788
-2.521790909
-2.508471212
-2.53195303
-2.524812121
-2.514956061
-2.520775758
-2.511807576
-2.514737879
-2.543121212
-2.532556061
-2.520987879
-2.524568182
-2.521422727
-2.517630303
-2.517377273
-2.513731818
-2.503778788
-2.515290909
-2.535498485
-2.517598485
-2.51434697
-2.511033333
-2.527089394
-2.507171212
-2.520063636
-2.518286364
-2.516921212
-2.506706061
-2.529304545
-2.52415303
-2.518339394
-2.523265152
-2.514231818
-2.530369697
-2.521437879
-2.518048485
-2.520628788
-2.524980303
-2.522043939
-2.521822727
-2.520366667
-2.525130303
-2.522543939
-2.517848485
-2.512225758
-2.519292424
-2.525442424
-2.509880303
-2.509436364
-2.53165
-2.535845455
-2.517289394
-2.5153
-2.524768182
-2.522834848
-2.510975758
-2.520060606
-2.512313636
-2.511195455
-2.518092424
-2.523106061
-2.529178788
-2.527804545
-2.524659091
-2.519157576
-2.530022727
-2.514956061
-2.529628788
-2.51510303
-2.518386364
-2.522506061
-2.515706061
-2.517983333
-2.511610606
-2.515056061
-2.516671212
-2.519663636
-2.524662121
-2.511219697
-2.525215152
-2.522993939
-2.515915152
-2.516974242
-2.522228788
-2.514090909
-2.519857576
-2.516159091
-2.520622727
-2.513078788
-2.511860606
-2.50665303
-2.515556061
-2.515818182
-2.521781818
-2.509963636
-2.516062121
-2.533206061
-2.5149
-2.510283333
-2.527104545
-2.522334848
-2.510495455
-2.508515152
-2.510363636
-2.525921212
-2.524265152
-2.534221212
-2.517630303
-2.530890909
-2.514906061
-2.505943939
-2.518601515
-2.527248485
-2.512110606
-2.521778788
-2.513537879
-2.512628788
-2.52310303
-2.529281818
-2.524412121
-2.523840909
-2.530381818
-2.530534848
-2.51440303
-2.515206061
-2.521319697
-2.519351515
-2.523968182
-2.522590909
-2.515409091
-2.525077273
-2.523309091
-2.508180303
-2.520607576
-2.512731818
-2.525621212
-2.514084848
-2.514243939
-2.524815152
-2.512581818
-2.507671212
-2.523356061
-2.524424242
-2.518186364
-2.508418182
-2.519463636
-2.517427273
-2.499159091
-2.523040909
-2.524224242
-2.517595455
-2.516318182
-2.507724242
-2.522084848
-2.517436364
-2.525327273
-2.526386364
-2.511501515
-2.525942424
-2.516112121
-2.515959091
-2.52305
-2.53144697
-2.524412121
-2.513693939
-2.521431818
-2.516074242
-2.522043939
-2.51444697
-2.514290909
-2.528451515
-2.509371212
-2.519495455
-2.517733333
-2.518280303
-2.521772727
-2.525515152
-2.519448485
-2.522984848
-2.525474242
-2.520260606
-2.517642424
-2.511778788
-2.528954545
-2.526274242
-2.515868182
-2.535877273
-2.534389394
-2.519704545
-2.509801515
-2.516724242
-2.510660606
-2.515609091
-2.507671212
-2.534071212
-2.510839394
-2.51345
-2.509345455
-2.523906061
-2.515621212
-2.51455
-2.516415152
-2.525868182
-2.51555303
-2.502716667
-2.528207576
-2.516521212
-2.519004545
-2.518783333
-2.534477273
-2.515309091
-2.519154545
-2.50665303
-2.519154545
-2.522831818
-2.513072727
-2.520410606
-2.517389394
-2.519395455
-2.522340909
-2.517783333
-2.501404545
-2.525018182
-2.511663636
-2.522178788
-2.513331818
-2.518051515
-2.520816667
-2.52505303
-2.51479697
-2.520263636
-2.519748485
-2.524859091
-2.519263636
-2.509854545
-2.528516667
-2.516621212
-2.520875758
-2.51650303
-2.512966667
-2.517948485
-2.510001515
-2.516868182
-2.517730303
-2.518857576
-2.517027273
-2.520675758
-2.513831818
-2.508289394
-2.511869697
-2.515721212
-2.506715152
-2.517680303
-2.516471212
-2.532506061
-2.519798485
-2.528607576
-2.533165152
-2.520925758
-2.511813636
-2.509401515
-2.508933333
-2.526748485
-2.522240909
-2.515018182
-2.516924242
-2.520925758
-2.519207576
-2.520675758
-2.50715303
-2.514562121
-2.503172727
-2.517471212
-2.509189394
-2.516209091
-2.517274242
-2.520857576
-2.512666667
-2.513225758
-2.517424242
-2.513787879
-2.525471212
-2.520569697
-2.520407576
-2.524762121
-2.526130303
-2.517377273
-2.517274242
-2.510601515
-2.513272727
-2.51425
-2.525721212
-2.509080303
-2.526689394
-2.51489697
-2.52345303
-2.530381818
-2.519981818
-2.526227273
-2.511872727
-2.518842424
-2.514962121
-2.527198485
-2.510545455
-2.514478788
-2.516721212
-2.521572727
-2.51574697
-2.520469697
-2.524256061
-2.531478788
-2.531756061
-2.512281818
-2.524118182
-2.522084848
-2.521787879
-2.508683333
-2.520260606
-2.513225758
-2.517268182
-2.511060606
-2.525780303
-2.502054545
-2.521543939
-2.518239394
-2.522784848
-2.516521212
-2.524018182
-2.516418182
-2.517527273
-2.518548485
-2.516827273
-2.512016667
-2.52344697
-2.505290909
-2.519463636
-2.528851515
-2.510354545
-2.512937879
-2.50645303
-2.515956061
-2.501392424
-2.532706061
-2.517836364
-2.528260606
-2.507921212
-2.514078788
-2.530984848
-2.516274242
-2.513175758
-2.517571212
-2.516724242
-2.515565152
-2.517536364
-2.527148485
-2.521775758
-2.521869697
-2.521569697
-2.529313636
-2.517680303
-2.520004545
-2.504740909
-2.520222727
-2.520163636
-2.518857576
-2.516021212
-2.521178788
-2.524362121
-2.507665152
-2.516527273
-2.51314697
-2.518386364
-2.529775758
-2.520010606
-2.520722727
-2.511566667
-2.532212121
-2.51425
-2.530075758
-2.512019697
-2.517439394
-2.52555
-2.518645455
-2.528457576
-2.511716667
-2.515706061
-2.526189394
-2.516130303
-2.517127273
-2.508330303
-2.521369697
-2.500389394
-2.518395455
-2.530884848
-2.518198485
-2.516680303
-2.501898485
-2.50574697
-2.523243939
-2.527142424
-2.518192424
-2.530534848
-2.524665152
-2.520513636
-2.518895455
-2.516415152
-2.521110606
-2.512837879
-2.516071212
-2.527395455
-2.514393939
-2.515306061
-2.512572727
-2.513125758
-2.521984848
-2.53224697
-2.525880303
-2.511572727
-2.516615152
-2.503963636
-2.52195
-2.51525303
-2.518654545
-2.521004545
-2.526027273
-2.520410606
-2.510898485
-2.522640909
-2.522487879
-2.518445455
-2.52389697
-2.523606061
-2.534836364
-2.524362121
-2.517265152
-2.515665152
-2.507915152
-2.513859091
-2.511887879
-2.520669697
-2.509077273
-2.501548485
-2.505243939
-2.521590909
-2.512578788
-2.527510606
-2.52274697
-2.508486364
-2.507662121
-2.518639394
-2.521628788
-2.52255
-2.513628788
-2.512481818
-2.520513636
-2.511157576
-2.521128788
-2.509018182
-2.510245455
-2.524562121
-2.513678788
-2.52264697
-2.530084848
-2.519151515
-2.527198485
-2.518954545
-2.525121212
-2.516627273
-2.512166667
-2.517389394
-2.536195455
-2.518857576
-2.524924242
-2.518283333
-2.520260606
-2.523765152
-2.514540909
-2.530943939
-2.522790909
-2.534130303
-2.509298485
-2.512610606
-2.520010606
-2.536807576
-2.52425
-2.531893939
-2.531825758
-2.516062121
-2.51459697
-2.513822727
-2.521428788
-2.509551515
-2.52294697
-2.512163636
-2.515106061
-2.517012121
-2.526574242
-2.514537879
-2.518430303
-2.516524242
-2.511054545
-2.521187879
-2.524521212
-2.513743939
-2.519004545
-2.517183333
-2.514290909
-2.515815152
-2.523818182
-2.503593939
-2.525324242
-2.521040909
-2.516012121
-2.510904545
-2.518286364
-2.516171212
-2.528107576
-2.510254545
-2.525465152
-2.521428788
-2.518989394
-2.529437879
-2.500036364
-2.51564697
-2.50605303
-2.513687879
-2.521366667
-2.516792424
-2.51389697
-2.518901515
-2.529675758
-2.512463636
-2.525118182
-2.504781818
-2.533156061
-2.521069697
-2.525562121
-2.520637879
-2.527192424
-2.508527273
-2.519201515
-2.518657576
-2.518945455
-2.519392424
-2.504734848
-2.520078788
-2.51534697
-2.525265152
-2.517424242
-2.512678788
-2.517836364
-2.520169697
-2.513484848
-2.528398485
-2.520004545
-2.524759091
-2.533227273
-2.517939394
-2.522243939
-2.518236364
-2.529284848
-2.517368182
-2.521631818
-2.517986364
-2.521522727
-2.510660606
-2.532509091
-2.515765152
-2.524256061
-2.523493939
-2.509033333
-2.520854545
-2.526992424
-2.524724242
-2.506043939
-2.524759091
-2.520922727
-2.538925758
-2.503666667
-2.509389394
-2.52270303
-2.526621212
-2.519704545
-2.516533333
-2.516483333
-2.508168182
-2.522815152
-2.523962121
-2.521628788
-2.512922727
-2.522334848
-2.521272727
-2.527698485
-2.519616667
-2.521278788
-2.505943939
-2.513931818
-2.521931818
-2.5144
-2.520916667
-2.502910606
-2.520213636
-2.524512121
-2.51495303
-2.522578788
-2.514259091
-2.528963636
-2.513622727
-2.527895455
-2.515306061
-2.518377273
-2.517286364
-2.517727273
-2.522190909
-2.510042424
-2.525968182
-2.522028788
-2.519513636
-2.502660606
-2.515412121
-1.203333333
-2.311
-2.252333333
-2.278
-2.284
-2.2865
-2.270166667
-2.2495
-2.266
-2.255
-2.260333333
-2.270166667
-2.276
-2.268166667
-2.266833333
-2.275333333
-2.270333333
-2.289333333
-2.256666667
-2.261833333
-2.283666667
-2.268
-2.2645
-2.258666667
-2.277
-2.282333333
-2.277666667
-2.2665
-2.2715
-2.249666667
-2.2675
-2.263166667
-2.2535
-2.232833333
-2.261666667
-2.2935
-2.2545
-2.285333333
-2.2495
-2.268333333
-2.273333333
-2.271666667
-2.253
-2.253166667
-2.265666667
-2.268166667
-2.259
-2.255833333
-2.269
-2.263166667
-2.266166667
-2.258833333
-2.267
-2.268666667
-2.260333333
-2.252833333
-2.2705
-2.2575
-2.268166667
-2.285833333
-2.2565
-2.259333333
-2.261666667
-2.242833333
-2.265333333
-2.2705
-2.278333333
-2.271166667
-2.262833333
-2.274333333
-2.255833333
-2.259
-2.267
-2.276166667
-2.279
-2.241166667
-2.26
-2.279333333
-2.282
-2.274666667
-2.2605
-2.282166667
-2.246666667
-2.257833333
-2.271
-2.249333333
-2.276833333
-2.261833333
-2.251666667
-2.263166667
-2.2695
-2.269333333
-2.2645
-2.282166667
-2.244666667
-2.252833333
-2.258333333
-2.2545
-2.269333333
-2.265
-2.259
-2.262666667
-2.272333333
-2.265666667
-2.2595
-2.269166667
-2.2595
-2.271333333
-2.286
-2.274166667
-2.2755
-2.267333333
-2.2695
-2.268166667
-2.256833333
-2.259
-2.276166667
-2.285333333
-2.261333333
-2.253166667
-2.2655
-2.253166667
-2.273166667
-2.273
-2.283833333
-2.28
-2.2485
-2.266333333
-2.274166667
-2.256833333
-2.267666667
-2.2685
-2.274333333
-2.277833333
-2.27
-2.277166667
-2.266833333
-2.265
-2.280333333
-2.26
-2.274666667
-2.263333333
-2.271666667
-2.261833333
-2.262666667
-2.260333333
-2.2615
-2.277333333
-2.259833333
-2.240833333
-2.260333333
-2.249833333
-2.271833333
-2.274666667
-2.260666667
-2.256333333
-2.250666667
-2.246
-2.267833333
-2.252666667
-2.262333333
-2.280666667
-2.263333333
-2.258666667
-2.247
-2.245833333
-2.246
-2.287833333
-2.284833333
-2.286
-2.265833333
-2.2615
-2.258333333
-2.256333333
-2.269
-2.264333333
-2.275166667
-2.249166667
-2.263666667
-2.255666667
-2.25
-2.280833333
-2.2745
-2.275666667
-2.268
-2.254833333
-2.255666667
-2.266666667
-2.268833333
-2.2845
-2.262833333
-2.271333333
-2.274333333
-2.2645
-2.260833333
-2.259666667
-2.254166667
-2.2655
-2.258666667
-2.275166667
-2.266333333
-2.265
-2.269166667
-2.268166667
-2.244833333
-2.238833333
-2.286333333
-2.272666667
-2.255833333
-2.251833333
-2.25
-2.265833333
-2.256166667
-2.2415
-2.278666667
-2.285
-2.276666667
-2.258833333
-2.252333333
-2.269166667
-2.241333333
-2.252333333
-2.253
-2.276
-2.256166667
-2.248666667
-2.270166667
-2.283333333
-2.2675
-2.281
-2.257
-2.259666667
-2.26
-2.259666667
-2.254666667
-2.265333333
-2.266333333
-2.268666667
-2.257666667
-2.268166667
-2.263333333
-2.249333333
-2.268
-2.264166667
-2.2585
-2.2655
-2.279666667
-2.255833333
-2.246166667
-2.273166667
-2.264833333
-2.250333333
-2.262833333
-2.265166667
-2.270833333
-2.251666667
-2.276666667
-2.291833333
-2.280666667
-2.2695
-2.255166667
-2.273333333
-2.257333333
-2.2595
-2.241166667
-2.275333333
-2.249166667
-2.263666667
-2.275
-2.280666667
-2.277
-2.264166667
-2.253166667
-2.250333333
-2.2565
-2.2565
-2.249833333
-2.250333333
-2.285333333
-2.271166667
-2.2785
-2.2835
-2.276166667
-2.275166667
-2.258166667
-2.273333333
-2.270666667
-2.271333333
-2.275166667
-2.262333333
-2.266166667
-2.2565
-2.2525
-2.2735
-2.283333333
-2.278833333
-2.281833333
-2.262833333
-2.2755
-2.261
-2.257166667
-2.246666667
-2.26
-2.260166667
-2.272333333
-2.264166667
-2.242333333
-2.255333333
-2.281833333
-2.2715
-2.272666667
-2.2775
-2.265
-2.279166667
-2.239666667
-2.249166667
-2.26
-2.250833333
-2.270833333
-2.253833333
-2.265
-2.258166667
-2.273333333
-2.257333333
-2.249
-2.2695
-2.276166667
-2.259333333
-2.271833333
-2.276
-2.252833333
-2.258333333
-2.262166667
-2.262833333
-2.238
-2.278333333
-2.261166667
-2.267333333
-2.261
-2.275
-2.2715
-2.262833333
-2.253166667
-2.259333333
-2.250166667
-2.237833333
-2.2425
-2.250333333
-2.27
-2.244666667
-2.258166667
-2.248666667
-2.250833333
-2.281333333
-2.253333333
-2.281666667
-2.269166667
-2.269833333
-2.267333333
-2.275333333
-2.248
-2.26
-2.261666667
-2.263166667
-2.263166667
-2.276333333
-2.268166667
-2.274
-2.268
-2.258666667
-2.238166667
-2.252666667
-2.275666667
-2.267
-2.247833333
-2.266666667
-2.271333333
-2.273833333
-2.260166667
-2.271833333
-2.263666667
-2.27
-2.256
-2.263666667
-2.272333333
-2.263666667
-2.2705
-2.251166667
-2.248833333
-2.269833333
-2.263333333
-2.260166667
-2.274666667
-2.266833333
-2.254
-2.254666667
-2.233166667
-2.2495
-2.2515
-2.2465
-2.277
-2.264333333
-2.267166667
-2.246166667
-2.269666667
-2.271333333
-2.270333333
-2.267333333
-2.2515
-2.28
-2.269666667
-2.269333333
-2.283833333
-2.277666667
-2.2605
-2.2515
-2.256666667
-2.262166667
-2.256166667
-2.276666667
-2.282166667
-2.266166667
-2.256333333
-2.279166667
-2.252166667
-2.260166667
-2.26
-2.2515
-2.251
-2.252
-2.267666667
-2.258666667
-2.262833333
-2.272
-2.260833333
-2.2825
-2.263333333
-2.2565
-2.254666667
-2.256166667
-2.280666667
-2.2525
-2.253666667
-2.249333333
-2.238
-2.2465
-2.261
-2.269166667
-2.248333333
-2.259333333
-2.269333333
-2.263666667
-2.2665
-2.2555
-2.253333333
-2.2515
-2.274333333
-2.255333333
-2.262333333
-2.265833333
-2.2655
-2.258
-2.263166667
-2.285
-2.272666667
-2.271333333
-2.251666667
-2.238
-2.249
-2.2575
-2.273166667
-2.245666667
-2.258333333
-2.283333333
-2.249166667
-2.2575
-2.2505
-2.250333333
-2.265666667
-2.264
-2.2525
-2.280166667
-2.246333333
-2.266166667
-2.269
-2.263333333
-2.273333333
-2.252166667
-2.264166667
-2.267666667
-2.273
-2.257
-2.2575
-2.278166667
-2.270666667
-2.285833333
-2.249
-2.280666667
-2.265
-2.251333333
-2.253666667
-2.2665
-2.261666667
-2.271166667
-2.287833333
-2.2835
-2.250666667
-2.2585
-2.240666667
-2.267
-2.267166667
-2.2635
-2.249666667
-2.255833333
-2.247666667
-2.267666667
-2.265
-2.284833333
-2.2655
-2.2765
-2.259333333
-2.2515
-2.257333333
-2.2795
-2.247666667
-2.277666667
-2.251
-2.2595
-2.2685
-2.266
-2.271666667
-2.270833333
-2.269166667
-2.248666667
-2.276333333
-2.281166667
-2.2775
-2.269833333
-2.294833333
-2.2725
-2.280166667
-2.245666667
-2.261666667
-2.276333333
-2.264833333
-2.269833333
-2.253166667
-2.256
-2.283833333
-2.269
-2.28
-2.2655
-2.285166667
-2.257333333
-2.258666667
-2.266833333
-2.261
-2.274
-2.276666667
-2.278833333
-2.276333333
-2.263666667
-2.266333333
-2.271
-2.2545
-2.260166667
-2.2675
-2.2685
-2.251666667
-2.287333333
-2.288666667
-2.269666667
-2.2695
-2.259666667
-2.2625
-2.2765
-2.280833333
-2.270333333
-2.278666667
-2.290833333
-2.266833333
-2.270666667
-2.279833333
-2.268
-2.2555
-2.257333333
-2.251666667
-2.273333333
-2.272166667
-2.245333333
-2.263666667
-2.264166667
-2.272333333
-2.2535
-2.248
-2.266666667
-2.271166667
-2.263833333
-2.286666667
-2.265166667
-2.249333333
-2.266166667
-2.2525
-2.243333333
-2.2565
-2.251333333
-2.257833333
-2.272333333
-2.2685
-2.255166667
-2.248333333
-2.262
-2.2645
-2.2755
-2.277166667
-2.269166667
-2.254833333
-2.235
-2.2595
-2.260333333
-2.265166667
-2.2665
-2.244166667
-2.278
-2.258166667
-2.259833333
-2.267333333
-2.245833333
-2.245666667
-2.2705
-2.270666667
-2.2655
-2.234833333
-2.256
-2.270833333
-2.264166667
-2.2585
-2.266833333
-2.269333333
-2.264166667
-2.269
-2.238166667
-2.2625
-2.281
-2.2555
-2.249666667
-2.277333333
-2.2575
-2.267333333
-2.2595
-2.249666667
-2.256
-2.255
-2.271333333
-2.275
-2.281333333
-2.252333333
-2.260833333
-2.278833333
-2.250166667
-2.276166667
-2.2525
-2.260333333
-2.262833333
-2.262666667
-2.2455
-2.264666667
-2.255833333
-2.2745
-2.2665
-2.2665
-2.269
-2.263833333
-2.2615
-2.269
-2.288666667
-2.266333333
-2.256833333
-2.259166667
-2.2295
-2.268666667
-2.251666667
-2.2545
-2.260833333
-2.271
-2.252166667
-2.2365
-2.262166667
-2.247666667
-2.257333333
-2.2625
-2.257833333
-2.245166667
-2.258166667
-2.261833333
-2.250166667
-2.270333333
-2.275833333
-2.268666667
-2.280666667
-2.2575
-2.276333333
-2.269666667
-2.258
-2.240333333
-2.239666667
-2.252
-2.248
-2.249
-2.2475
-2.261666667
-2.260166667
-2.262666667
-2.273166667
-2.266
-2.259
-2.266
-2.265666667
-2.282166667
-2.247
-2.278666667
-2.2675
-2.265
-2.256333333
-2.261833333
-2.282166667
-2.2735
-2.252
-2.247666667
-2.285
-2.266333333
-2.2455
-2.262
-2.282333333
-2.270666667
-2.262
-2.256333333
-2.2705
-2.263333333
-2.257833333
-2.250333333
-2.256333333
-2.251833333
-2.269
-2.264666667
-2.269
-2.279666667
-2.260333333
-2.262833333
-2.256666667
-2.270333333
-2.247666667
-2.262333333
-2.2525
-2.2745
-2.266666667
-2.281833333
-2.2805
-2.268333333
-2.2435
-2.252
-2.2675
-2.252833333
-2.251666667
-2.263166667
-2.284
-2.275666667
-2.275166667
-2.2745
-2.2745
-2.232333333
-2.261
-2.252
-2.247833333
-2.223833333
-2.246666667
-2.284
-2.286666667
-2.254166667
-2.2665
-2.265666667
-2.255
-2.249
-2.258
-2.259666667
-2.271666667
-2.278
-2.2585
-2.245166667
-2.251333333
-2.2565
-2.267166667
-2.258333333
-2.257833333
-2.248166667
-2.284166667
-2.276833333
-2.254166667
-2.2635
-2.269666667
-2.263666667
-2.2605
-2.246833333
-2.248833333
-2.254166667
-2.259
-2.265333333
-2.266
-2.256166667
-2.2945
-2.280666667
-2.26
-2.261333333
-2.238
-2.269666667
-2.264166667
-2.265833333
-2.254
-2.276
-2.272833333
-2.246333333
-2.249666667
-2.280166667
-2.276666667
-2.280666667
-2.259666667
-2.262
-2.2555
-2.242333333
-2.257
-2.2525
-2.275166667
-2.258333333
-2.251833333
-2.281333333
-2.27
-2.262333333
-2.244166667
-2.258833333
-2.263
-2.264333333
-2.273833333
-2.241166667
-2.265666667
-2.268
-2.258833333
-2.285
-2.264
-2.273833333
-2.286166667
-2.245333333
-2.286
-2.268333333
-2.2525
-2.269333333
-2.249833333
-2.253166667
-2.2695
-2.254333333
-2.265833333
-2.2795
-2.264666667
-2.263833333
-2.259666667
-2.235833333
-2.276333333
-2.260333333
-2.262166667
-2.2715
-2.264333333
-2.268833333
-2.273666667
-2.277166667
-2.272333333
-2.279
-2.269166667
-2.277166667
-2.262666667
-2.265833333
-2.256666667
-2.282833333
-2.267833333
-2.268833333
-2.249666667
-2.2365
-2.278
-2.263333333
-2.257833333
-2.234166667
-2.2765
-2.281333333
-2.262166667
-2.260333333
-2.256
-2.274833333
-2.2775
-2.274166667
-2.243
-2.2795
-2.260166667
-2.258666667
-2.257
-2.243833333
-2.277
-2.267166667
-2.268833333
-2.2755
-2.2595
-2.2745
-2.284166667
-2.244833333
-2.252166667
-2.240333333
-2.269666667
-2.247833333
-2.243333333
-2.263666667
-2.276166667
-2.275333333
-2.273333333
-2.275833333
-2.2705
-2.259666667
-2.290333333
-2.255333333
-2.260833333
-2.2685
-2.264666667
-2.2795
-2.259666667
-2.2595
-2.256166667
-2.2665
-2.294166667
-2.265
-2.273166667
-2.258166667
-2.260166667
-2.268
-2.271833333
-2.257
-2.266333333
-2.2815
-2.2545
-2.271
-2.262166667
-2.2595
-2.257
-2.27
-2.279833333
-2.284
-2.280166667
-2.2835
-2.266166667
-2.277333333
-2.234
-2.2375
-2.2635
-2.263
-2.274166667
-2.273333333
-2.255833333
-2.249166667
-2.272666667
-2.2515
-2.252
-2.255333333
-2.2755
-2.266833333
-2.242
-2.266833333
-2.26
-2.248166667
-2.264
-2.269333333
-2.262
-2.2555
-2.282333333
-2.261666667
-2.2515
-2.256
-2.256666667
-2.262166667
-2.273
-2.246833333
-2.2635
-2.2475
-2.277333333
-2.268
-2.261666667
-2.258666667
-2.266
-2.291
-2.2725
-2.259666667
-2.272
-2.2595
-2.274666667
-2.2685
-2.264833333
-2.252
-2.286166667
-2.266833333
-2.256333333
-2.271833333
-2.2625
-2.274166667
-2.267
-2.263833333
-2.253
-2.243666667
-2.252166667
-2.267333333
-2.2685
-2.254833333
-2.2545
-2.266166667
-2.279833333
-2.255333333
-2.259
-2.2845
-2.270166667
-2.261
-2.270166667
-2.271833333
-2.265666667
-2.254
-2.244
-2.256833333
-2.2705
-2.270833333
-2.255666667
-2.276333333
-2.274333333
-2.280333333
-2.249
-2.277833333
-2.257833333
-2.256666667
-2.254166667
-2.246833333
-2.271
-2.249666667
-2.254333333
-2.25
-2.252166667
-2.276666667
-2.261833333
-2.263833333
-2.2415
-2.254166667
-2.249166667
-2.255666667
-2.251
-2.245833333
-2.253833333
-2.2615
-2.270833333
-2.262333333
-2.247666667
-2.252833333
-2.260833333
-2.280333333
-2.271166667
-2.265666667
-2.257666667
-2.269333333
-2.286
-2.259833333
-2.2625
-2.249666667
-2.248333333
-2.267333333
-2.274
-2.270166667
-2.269333333
-2.266333333
-2.251333333
-2.273666667
-2.252333333
-2.277833333
-2.266166667
-2.247666667
-2.263
-2.261833333
-2.264666667
-2.266
-2.279166667
-2.262666667
-2.264666667
-2.269833333
-2.264666667
-2.279
-2.272
-2.278833333
-2.281166667
-2.281
-2.2495
-2.267166667
-2.264666667
-2.2625
-2.275833333
-2.2695
-2.2685
-2.253666667
-2.255
-2.2695
-2.260666667
-2.264666667
-2.2535
-2.265
-2.281833333
-2.273
-2.265333333
-2.270666667
-2.269666667
-2.262666667
-2.2625
-2.2755
-2.2685
-2.277833333
-2.2885
-2.267666667
-2.259833333
-2.263333333
-2.249
-2.247166667
-2.251
-2.262666667
-2.262
-2.282166667
-2.276166667
-2.263
-2.275666667
-2.276833333
-2.2875
-2.255666667
-2.260833333
-2.251666667
-2.241666667
-2.270333333
-2.256
-2.281
-2.282833333
-2.282166667
-2.258666667
-2.263166667
-2.260833333
-2.256833333
-2.243
-2.253833333
-2.274333333
-2.266166667
-2.288333333
-2.285166667
-2.263333333
-2.267
-2.2625
-2.273833333
-2.2575
-2.2705
-2.276833333
-2.266
-2.235333333
-2.263166667
-2.275
-2.255166667
-2.272833333
-2.261666667
-2.288
-2.273
-2.265666667
-2.265333333
-2.271666667
-2.267666667
-2.281666667
-2.261833333
-2.276333333
-2.2415
-2.269333333
-2.285833333
-2.243
-2.255166667
-2.246666667
-2.255833333
-2.265166667
-2.283666667
-2.2615
-2.239833333
-2.2575
-2.265833333
-2.2555
-2.259
-2.251333333
-2.265666667
-2.275666667
-2.277
-2.276833333
-2.275166667
-2.268666667
-2.2625
-2.265833333
-2.242333333
-2.2525
-2.2495
-2.264166667
-2.271166667
-2.261
-2.261666667
-2.260833333
-2.267833333
-2.262333333
-2.2575
-2.2725
-2.258
-2.280166667
-2.248833333
-2.2665
-2.288
-2.248666667
-2.257166667
-2.264166667
-2.268333333
-2.254833333
-2.268666667
-2.264
-2.262
-2.249833333
-2.28
-2.265666667
-2.252833333
-2.271
-2.285
-2.286166667
-2.266166667
-2.257833333
-2.260833333
-2.276
-2.267666667
-2.272
-2.269833333
-2.266166667
-2.270833333
-2.260833333
-2.266666667
-2.263
-2.268166667
-2.269833333
-2.241166667
-2.267
-2.239833333
-2.2895
-2.275166667
-2.2715
-2.291666667
-2.279833333
-2.278166667
-2.275333333
-2.268666667
-2.273166667
-2.258833333
-2.279
-2.25
-2.265333333
-2.271833333
-2.250166667
-2.251166667
-2.264666667
-2.261333333
-2.278666667
-2.270833333
-2.272666667
-2.260833333
-2.259333333
-2.236666667
-2.261333333
-2.282666667
-2.262666667
-2.2545
-2.245166667
-2.244833333
-2.245833333
-2.274333333
-2.271
-2.29
-2.272166667
-2.282
-2.266
-2.2715
-2.267333333
-2.269166667
-2.272833333
-2.259333333
-2.267166667
-2.269166667
-2.2765
-2.272333333
-2.285333333
-2.2735
-2.2635
-2.263666667
-2.246
-2.259
-2.2845
-2.271
-2.280666667
-2.256833333
-2.268
-2.2605
-2.253333333
-2.2645
-2.246
-2.27
-2.261833333
-2.268166667
-2.254666667
-2.273166667
-2.274166667
-2.2705
-2.2705
-2.265333333
-2.263666667
-2.259
-2.253
-2.276833333
-2.267333333
-2.257
-2.268833333
-2.26
-2.236166667
-2.263333333
-2.264833333
-2.273166667
-2.237166667
-2.246333333
-2.265
-2.251
-2.252333333
-2.269166667
-2.288
-2.259666667
-2.257833333
-2.258333333
-2.266333333
-2.258333333
-2.246333333
-2.271833333
-2.273666667
-2.285166667
-2.280166667
-2.266833333
-2.254333333
-2.252333333
-2.248833333
-2.263666667
-2.254166667
-2.254
-2.246333333
-2.284333333
-2.257333333
-2.2555
-2.274333333
-2.266166667
-2.2825
-2.2665
-2.2615
-2.275166667
-2.271166667
-2.243666667
-2.2625
-2.266666667
-2.255166667
-2.2695
-2.2595
-2.252333333
-2.2785
-2.271
-2.261
-2.271833333
-2.2945
-2.261833333
-2.275166667
-2.2775
-2.248666667
-2.2745
-2.256166667
-2.2605
-2.270333333
-2.263333333
-2.2765
-2.251833333
-2.258166667
-2.254
-2.283166667
-2.2775
-2.249166667
-2.257833333
-2.262833333
-2.258833333
-2.278166667
-2.278666667
-2.259
-2.267833333
-2.264333333
-2.277833333
-2.255666667
-2.265333333
-2.258833333
-2.2525
-2.257666667
-2.275
-2.278166667
-2.265666667
-2.257666667
-2.268166667
-2.254333333
-2.237666667
-2.259833333
-2.265
-2.269
-2.251666667
-2.250833333
-2.258833333
-2.242666667
-2.279166667
-2.2825
-2.256
-2.261666667
-2.254
-2.250833333
-2.267
-2.281833333
-2.274333333
-2.245
-2.277
-2.253333333
-2.273166667
-2.258666667
-2.254
-2.262333333
-2.274666667
-2.258333333
-2.2495
-2.265666667
-2.258666667
-2.2835
-2.261
-2.2575
-2.273333333
-2.271333333
-2.273833333
-2.253666667
-2.2365
-2.259666667
-2.268
-2.274666667
-2.254833333
-2.2615
-2.255833333
-2.252166667
-2.259666667
-2.2665
-2.258833333
-2.261166667
-2.2775
-2.266833333
-2.263333333
-2.2555
-2.237666667
-2.263833333
-2.257166667
-2.264
-2.2585
-2.2725
-2.274
-2.275166667
-2.2825
-2.260833333
-2.271166667
-2.252
-2.257833333
-2.262666667
-2.2515
-2.243333333
-2.2695
-2.252
-2.238333333
-2.261666667
-2.262833333
-2.260333333
-2.275
-2.276166667
-2.262
-2.283833333
-2.262833333
-2.2685
-2.2505
-2.2665
-2.262833333
-2.2675
-2.276666667
-2.265166667
-2.251
-2.232333333
-2.266833333
-2.230833333
-2.261333333
-2.270166667
-2.2635
-2.254833333
-2.258333333
-2.287833333
-2.259833333
-2.243
-2.285833333
-2.277666667
-2.2565
-2.253833333
-2.258166667
-2.265166667
-2.267166667
-2.260166667
-2.254666667
-2.251166667
-2.256833333
-2.265333333
-2.2585
-2.245333333
-2.268333333
-2.256833333
-2.267666667
-2.264833333
-2.260333333
-2.238166667
-2.273666667
-2.274666667
-2.273666667
-2.258333333
-2.262833333
-2.2825
-2.263
-2.269333333
-2.270166667
-2.256166667
-2.248166667
-2.275333333
-2.271
-2.265333333
-2.2655
-2.250666667
-2.257833333
-2.275
-2.256666667
-2.269666667
-2.275
-2.2555
-2.259
-2.254
-2.264666667
-2.291166667
-2.275166667
-2.257833333
-2.259333333
-2.250666667
-2.282833333
-2.251
-2.265333333
-2.269833333
-2.2555
-2.274666667
-2.268666667
-2.263166667
-2.272333333
-2.275333333
-2.266
-2.268
-2.274166667
-2.267
-2.255833333
-2.269333333
-2.264666667
-2.275166667
-2.256166667
-2.2685
-2.2715
-2.258666667
-2.267333333
-2.224166667
-2.255333333
-2.277
-2.266
-2.268333333
-2.256
-2.258333333
-2.281333333
-2.258333333
-2.257
-2.255333333
-2.289333333
-2.275166667
-2.281166667
-2.268166667
-2.240833333
-2.270666667
-2.2585
-2.277833333
-2.27
-2.2615
-2.251666667
-2.259833333
-2.238833333
-2.255
-2.2595
-2.2535
-2.240833333
-2.249333333
-2.269166667
-2.267333333
-2.250833333
-2.265166667
-2.261666667
-2.273833333
-2.279333333
-2.2575
-2.261
-2.2845
-2.253
-2.266
-2.250166667
-2.276333333
-2.272166667
-2.2635
-2.2625
-2.246833333
-2.255333333
-2.264166667
-2.272
-2.266166667
-2.257166667
-2.265333333
-2.267
-2.271333333
-2.255666667
-2.292666667
-2.268166667
-2.2505
-2.263166667
-2.254166667
-2.259833333
-2.252
-2.280666667
-2.279833333
-2.263833333
-2.274
-2.268
-2.2675
-2.270333333
-2.281333333
-2.259666667
-2.277333333
-2.272
-2.252666667
-2.267833333
-2.242333333
-2.2545
-2.257666667
-2.2625
-2.256166667
-2.252333333
-2.2635
-2.254166667
-2.251166667
-2.248833333
-2.271333333
-2.252
-2.269
-2.266333333
-2.263666667
-2.267833333
-2.245333333
-2.256
-2.279833333
-2.275166667
-2.283333333
-2.274
-2.266
-2.257166667
-2.251833333
-2.260666667
-2.257333333
-2.265333333
-2.2605
-2.274833333
-2.26
-2.245333333
-2.269666667
-2.281
-2.262666667
-2.2665
-2.255666667
-2.251
-2.241166667
-2.241833333
-2.240333333
-2.253
-2.258833333
-2.260666667
-2.2865
-2.274833333
-2.2635
-2.249
-2.262333333
-2.253166667
-2.286833333
-2.28
-2.259166667
-2.266833333
-2.256666667
-2.254166667
-2.258166667
-2.265666667
-2.261166667
-2.2605
-2.283333333
-2.256166667
-2.29
-2.257333333
-2.264833333
-2.2635
-2.272833333
-2.2515
-2.255666667
-2.267666667
-2.256166667
-2.273333333
-2.252
-2.234
-2.229666667
-2.267
-2.256166667
-2.263
-2.2665
-2.252
-2.253666667
-2.264666667
-2.252
-2.247333333
-2.263166667
-2.28
-2.286833333
-2.254
-2.266833333
-2.252833333
-2.254666667
-2.252166667
-2.268833333
-2.276666667
-2.274166667
-2.255
-2.2515
-2.256
-2.266166667
-2.263833333
-2.2895
-2.252
-2.255666667
-2.268833333
-2.26
-2.264166667
-2.248833333
-2.2675
-2.257333333
-2.2515
-2.263333333
-2.257
-2.255666667
-2.250333333
-2.253666667
-2.2755
-2.275166667
-2.293333333
-2.286666667
-2.2705
-2.263833333
-2.282
-2.250333333
-2.262666667
-2.2615
-2.247
-2.252833333
-2.266333333
-2.2515
-2.232333333
-2.261166667
-2.276
-2.273833333
-2.269833333
-2.282
-2.2635
-2.2695
-2.241833333
-2.260833333
-2.263666667
-2.292166667
-2.258166667
-2.274666667
-2.2875
-2.2455
-2.237666667
-2.2555
-2.260333333
-2.258
-2.259666667
-2.273166667
-2.253666667
-2.258333333
-2.2695
-2.250333333
-2.268166667
-2.262666667
-2.282833333
-2.248166667
-2.2755
-2.271
-2.276833333
-2.267
-2.268
-2.251666667
-2.263666667
-2.255833333
-2.227833333
-2.2745
-2.282333333
-2.26
-2.2475
-2.252166667
-2.277166667
-2.268333333
-2.292833333
-2.248166667
-2.2885
-2.278333333
-2.260166667
-2.262
-2.270166667
-2.249666667
-2.259333333
-2.2625
-2.277333333
-2.271833333
-2.2695
-2.287333333
-2.277666667
-2.267833333
-2.272666667
-2.252166667
-2.257833333
-2.268833333
-2.2565
-2.251833333
-2.246333333
-2.267666667
-2.2725
-2.2525
-2.272666667
-2.281666667
-2.264333333
-2.258
-2.260166667
-2.279166667
-2.261666667
-2.275833333
-2.245
-2.249666667
-2.2795
-2.279666667
-2.2595
-2.270166667
-2.267666667
-2.2695
-2.280833333
-2.267666667
-2.26
-2.2435
-2.265166667
-2.275
-2.257666667
-2.254833333
-2.2725
-2.246666667
-2.252166667
-2.256666667
-2.269333333
-2.257666667
-2.253833333
-2.258833333
-2.269833333
-2.2675
-2.260166667
-2.254666667
-2.2475
-2.264
-2.274166667
-2.272333333
-2.265666667
-2.271833333
-2.286666667
-2.266666667
-2.252833333
-2.259333333
-2.267833333
-2.282833333
-2.246833333
-2.272333333
-2.25
-2.260166667
-2.2695
-2.268833333
-2.250833333
-2.2485
-2.254166667
-2.241833333
-2.269333333
-2.267833333
-2.2715
-2.248833333
-2.258666667
-2.282833333
-2.2485
-2.260666667
-2.262833333
-2.263833333
-2.259833333
-2.266833333
-2.266833333
-2.262833333
-2.250666667
-2.257833333
-2.2555
-2.263333333
-2.272833333
-2.251
-2.261666667
-2.239166667
-2.250333333
-2.268
-2.269833333
-2.264
-2.274
-2.272333333
-2.278
-2.270166667
-2.269333333
-2.254333333
-2.257166667
-2.269333333
-2.264
-2.263
-2.258333333
-2.262333333
-2.263
-2.264666667
-2.255666667
-2.259333333
-2.273166667
-2.275166667
-2.288
-2.263166667
-2.2695
-2.274
-2.259666667
-2.265333333
-2.253333333
-2.261833333
-2.240333333
-2.252666667
-2.2565
-2.2845
-2.2755
-2.2595
-2.279666667
-2.255333333
-2.266
-2.277666667
-2.275833333
-2.272333333
-2.265166667
-2.264833333
-2.258833333
-2.268333333
-2.266
-2.2735
-2.258166667
-2.274666667
-2.270166667
-2.258
-2.2605
-2.274333333
-2.2755
-2.2625
-2.246666667
-2.258166667
-2.251833333
-2.242
-2.275833333
-2.268666667
-2.264833333
-2.284166667
-2.257333333
-2.269333333
-2.267833333
-2.278833333
-2.251666667
-2.262833333
-2.228666667
-2.239833333
-2.248333333
-2.2645
-2.257166667
-2.257166667
-2.252666667
-2.27
-2.269
-2.259333333
-2.249333333
-2.248
-2.234833333
-2.266166667
-2.257666667
-2.2625
-2.268666667
-2.259666667
-2.2455
-2.2765
-2.2545
-2.276333333
-2.271666667
-2.2455
-2.269
-2.265666667
-2.265
-2.278666667
-2.256333333
-2.271333333
-2.260166667
-2.243333333
-2.2585
-2.2755
-2.274333333
-2.272166667
-2.268
-2.2855
-2.271166667
-2.265
-2.258666667
-2.255166667
-2.268833333
-2.243833333
-2.250166667
-2.2745
-2.261
-2.283833333
-2.271166667
-2.2615
-2.254166667
-2.304666667
-2.266
-2.248833333
-2.2585
-2.262166667
-2.256833333
-2.248
-2.274333333
-2.256333333
-2.259
-2.282833333
-2.254666667
-2.2455
-2.263166667
-2.274333333
-2.2675
-2.265
-2.278166667
-2.267333333
-2.263166667
-2.269666667
-2.263833333
-2.275166667
-2.256166667
-2.248333333
-2.265833333
-2.2565
-2.264333333
-2.254666667
-2.261166667
-2.257333333
-2.283666667
-2.268166667
-2.2595
-2.267333333
-2.279166667
-2.2745
-2.260166667
-2.269833333
-2.270166667
-2.269166667
-2.279166667
-2.262833333
-2.267666667
-2.241333333
-2.236166667
-2.252833333
-2.2445
-2.279
-2.259666667
-2.266333333
-2.258333333
-2.248166667
-2.292166667
-2.271
-2.259833333
-2.255
-2.273
-2.248833333
-2.262
-2.268333333
-2.249666667
-2.250166667
-2.255
-2.248833333
-2.238333333
-2.2515
-2.2725
-2.2685
-2.257333333
-2.248333333
-2.250333333
-2.278
-2.263833333
-2.265166667
-2.269833333
-2.254666667
-2.263333333
-2.254333333
-2.264166667
-2.273666667
-2.242666667
-2.277
-2.277833333
-2.259833333
-2.259666667
-2.2635
-2.255166667
-2.2655
-2.285666667
-2.258666667
-2.2655
-2.247
-2.2585
-2.256333333
-2.247166667
-2.264
-2.281666667
-2.270166667
-2.282666667
-2.254333333
-2.260166667
-2.267166667
-2.242833333
-2.237166667
-2.262333333
-2.254
-2.2505
-2.2805
-2.276333333
-2.268
-2.269
-2.2435
-2.2675
-2.262333333
-2.246333333
-2.234833333
-2.257666667
-2.267
-2.281333333
-2.289
-2.262666667
-2.2455
-2.265833333
-2.266666667
-2.2875
-2.271
-2.279666667
-2.268
-2.255666667
-2.254666667
-2.236333333
-2.270333333
-2.2695
-2.257166667
-2.280166667
-2.281833333
-2.269166667
-2.281333333
-2.294333333
-2.262166667
-2.269
-2.257
-2.254833333
-2.256
-2.259166667
-2.255
-2.274
-2.274666667
-2.274833333
-2.2755
-2.2595
-2.2595
-2.262666667
-2.288166667
-2.277666667
-2.27
-2.268
-2.281
-2.257
-2.282
-2.251
-2.2695
-2.254333333
-2.250833333
-2.247333333
-2.249333333
-2.2495
-2.258333333
-2.246833333
-2.247333333
-2.234333333
-2.247166667
-2.266166667
-2.257833333
-2.238833333
-2.258
-2.253666667
-2.262833333
-2.264166667
-2.259333333
-2.251833333
-2.269333333
-2.286666667
-2.265166667
-2.267166667
-2.2735
-2.267166667
-2.251666667
-2.271166667
-2.259333333
-2.2595
-2.281333333
-2.273833333
-2.257333333
-2.253333333
-2.275666667
-2.294166667
-2.272333333
-2.252333333
-2.251666667
-2.279666667
-2.257666667
-2.266833333
-2.276
-2.264
-2.262
-2.247
-2.250166667
-2.292833333
-2.273
-2.258666667
-2.263833333
-2.254333333
-2.269833333
-2.267
-2.259333333
-2.234
-2.240666667
-2.266166667
-2.263666667
-2.269166667
-2.249
-2.289166667
-2.243333333
-2.256333333
-2.246333333
-2.257
-2.266833333
-2.273166667
-2.2675
-2.268166667
-2.246666667
-2.247833333
-2.249666667
-2.261
-2.2515
-2.271333333
-2.273333333
-2.274166667
-2.269833333
-2.258333333
-2.278666667
-2.284666667
-2.2685
-2.265166667
-2.263
-2.285666667
-2.262666667
-2.255833333
-2.258166667
-2.268666667
-2.268666667
-2.26
-2.267666667
-2.263166667
-2.262833333
-2.266333333
-2.266666667
-2.277666667
-2.258333333
-2.252
-2.262833333
-2.271
-2.248166667
-2.266833333
-2.2685
-2.264666667
-2.268166667
-2.2545
-2.258166667
-2.250166667
-2.2615
-2.241
-2.269333333
-2.276
-2.267666667
-2.271666667
-2.2755
-2.270833333
-2.260333333
-2.251666667
-2.259666667
-2.271333333
-2.245
-2.264166667
-2.2615
-2.259
-2.237166667
-2.268833333
-2.278
-2.272833333
-2.246666667
-2.263
-2.256333333
-2.270166667
-2.2685
-2.252333333
-2.2305
-2.255666667
-2.250666667
-2.264333333
-2.281166667
-2.275333333
-2.274
-2.260333333
-2.255833333
-2.259833333
-2.275666667
-2.267333333
-2.265
-2.262
-2.2595
-2.285166667
-2.270666667
-2.2525
-2.288833333
-2.2735
-2.251833333
-2.262166667
-2.2725
-2.266833333
-2.257666667
-2.267333333
-2.235833333
-2.231166667
-2.248166667
-2.250666667
-2.2595
-2.244333333
-2.267666667
-2.264333333
-2.276666667
-2.251833333
-2.265
-2.276166667
-2.274
-2.259
-2.255666667
-2.2695
-2.2805
-2.273
-2.244
-2.2645
-2.266166667
-2.252333333
-2.2645
-2.251666667
-2.253333333
-2.290666667
-2.253333333
-2.2565
-2.261
-2.261
-2.253166667
-2.261333333
-2.2595
-2.2615
-2.246833333
-2.251
-2.261333333
-2.252833333
-2.237
-2.249
-2.250833333
-2.246333333
-2.264666667
-2.263333333
-2.2725
-2.2605
-2.2485
-2.269
-2.26
-2.270166667
-2.251
-2.271666667
-2.263166667
-2.2635
-2.239166667
-2.260833333
-2.266
-2.2555
-2.2495
-2.257166667
-2.271166667
-2.260333333
-2.2685
-2.258333333
-2.2635
-2.273166667
-2.263
-2.280833333
-2.249666667
-2.250833333
-2.263166667
-2.265333333
-2.261666667
-2.273833333
-2.2535
-2.2775
-2.2595
-2.288333333
-2.266833333
-2.258333333
-2.258333333
-2.270333333
-2.272166667
-2.275166667
-2.248333333
-2.270166667
-2.264833333
-2.270166667
-2.279666667
-2.265333333
-2.269833333
-2.2765
-2.279166667
-2.264666667
-2.248666667
-2.2615
-2.279666667
-2.249166667
-2.264666667
-2.268333333
-2.2755
-2.241666667
-2.246666667
-2.261166667
-2.263833333
-2.2555
-2.261666667
-2.276666667
-2.262166667
-2.254833333
-2.262166667